10
10
13
30
30
31
36
41
44
49
50
53
53
66
68
68
78
82
83
92
106
117
123
124
137
140
152
156
156
167
176
177
178
194
195
213
220
250
253
276
288
297
299
309
311
312
315
316
318
323
325
325
333
342
348
351
357
359
372
380
384
402
407
412
413
418
421
433
446
448
454
459
462
489
498
504
510
510
518
519
533
539
548
551
571
576
577
577
605
606
609
611
612
619
620
622
627
633
635
645
647
663
668
678
682
685
695
706
706
712
720
724
735
740
744
744
746
752
763
765
770
778
781
785
787
787
787
791
795
795
807
807
815
817
824
839
850
860
863
875
879
880
886
887
887
906
906
908
914
920
927
928
930
932
951
963
965
967
967
969
974
975
993
1001
1002
1006
1015
1019
1020
1031
1038
1051
1058
1065
1084
1092
1096
1119
1124
1126
1132
1157
1166
1171
1171
1180
1185
1191
1193
1196
1199
1201
1201
1206
1211
1211
1214
1222
1227
1232
1242
1245
1249
1258
1258
1262
1273
1282
1291
1299
1322
1325
1328
1356
1364
1366
1366
1374
1375
1386
1388
1393
1414
1420
1422
1423
1425
1443
1462
1463
1467
1475
1477
1488
1493
1500
1500
1506
1508
1516
1526
1539
1544
1552
1555
1557
1561
1568
1574
1582
1594
1596
1616
1617
1623
1626
1626
1635
1641
1645
1651
1671
1672
1673
1678
1691
1692
1696
1697
1707
1713
1716
1739
1746
1760
1766
1766
1767
1775
1790
1793
1796
1798
1800
1801
1826
1840
1847
1872
1875
1877
1880
1892
1894
1902
1903
1906
1914
1924
1945
1946
1948
1956
1960
1973
1989
1993
1996
1999
2000
2008
2029
2045
2048
2063
2081
2084
2093
2097
2099
2100
2114
2114
2126
2126
2128
2141
2156
2164
2165
2166
2166
2167
2187
2198
2205
2215
2231
2235
2254
2263
2270
2292
2293
2297
2303
2304
2310
2345
2347
2370
2378
2378
2381
2381
2383
2384
2386
2410
2412
2412
2423
2430
2445
2465
2473
2486
2490
2498
2499
2500
2501
2506
2523
2523
2526
2528
2534
2541
2550
2553
2557
2565
2568
2571
2582
2595
2597
2600
2614
2621
2624
2624
2637
2648
2649
2683
2699
2706
2707
2715
2729
2749
2750
2767
2770
2776
2801
2833
2835
2852
2858
2868
2868
2877
2901
2904
2905
2912
2919
2931
2934
2941
2943
2948
2983
2991
2998
3009
3015
3016
3022
3027
3030
3038
3046
3050
3065
3072
3075
3076
3078
3079
3081
3095
3099
3099
3100
3106
3113
3123
3126
3140
3150
3157
3161
3164
3179
3181
3188
3209
3210
3214
3217
3231
3249
3252
3258
3260
3270
3273
3275
3288
3291
3300
3300
3320
3326
3331
3332
3335
3341
3342
3350
3351
3356
3359
3367
3367
3379
3381
3395
3401
3406
3414
3417
3419
3429
3432
3436
3443
3452
3457
3473
3474
3475
3478
3482
3485
3488
3489
3496
3502
3503
3503
3508
3508
3513
3519
3523
3524
3525
3540
3540
3542
3543
3546
3548
3552
3569
3574
3590
3599
3608
3608
3618
3624
3634
3650
3654
3660
3661
3662
3663
3663
3672
3677
3678
3680
3691
3704
3705
3716
3726
3751
3752
3755
3759
3761
3771
3773
3780
3782
3784
3786
3794
3799
3802
3808
3810
3818
3849
3849
3850
3853
3856
3863
3868
3872
3875
3875
3889
3894
3897
3900
3902
3915
3915
3919
3922
3948
3948
3952
3952
3962
3962
3966
3987
3988
3988
3990
4029
4042
4050
4058
4069
4082
4086
4097
4100
4105
4106
4116
4127
4143
4144
4154
4154
4157
4160
4161
4166
4167
4167
4167
4169
4171
4172
4179
4182
4193
4211
4219
4220
4222
4224
4230
4236
4241
4242
4252
4269
4273
4274
4280
4282
4288
4295
4295
4304
4304
4305
4306
4307
4310
4315
4322
4334
4338
4341
4343
4347
4353
4356
4358
4363
4369
4369
4370
4376
4380
4384
4397
4401
4403
4415
4419
4423
4426
4429
4434
4447
4447
4457
4470
4472
4474
4476
4478
4489
4494
4500
4502
4506
4509
4519
4527
4532
4533
4550
4586
4589
4598
4617
4630
4631
4631
4635
4643
4662
4662
4666
4669
4688
4697
4700
4714
4718
4719
4728
4730
4744
4760
4764
4785
4795
4796
4801
4817
4817
4825
4836
4837
4842
4845
4850
4855
4866
4873
4880
4881
4887
4911
4913
4941
4957
4960
4964
4975
4978
4984
5000
5003
5003
5008
5009
5035
5037
5042
5050
5050
5060
5062
5063
5064
5069
5069
5071
5074
5076
5077
5078
5087
5087
5090
5093
5103
5107
5110
5123
5142
5143
5156
5161
5162
5171
5185
5187
5190
5192
5200
5202
5206
5209
5210
5211
5213
5214
5221
5222
5222
5228
5237
5243
5255
5262
5264
5270
5276
5284
5313
5317
5323
5331
5344
5354
5363
5363
5371
5371
5373
5394
5397
5402
5411
5417
5420
5425
5432
5442
5446
5448
5448
5450
5462
5479
5480
5487
5491
5492
5494
5501
5505
5510
5511
5518
5521
5531
5540
5544
5563
5572
5573
5578
5583
5583
5589
5589
5591
5592
5593
5594
5595
5597
5608
5618
5627
5627
5629
5636
5641
5643
5645
5652
5662
5664
5665
5691
5704
5710
5712
5721
5723
5732
5733
5734
5734
5741
5755
5758
5758
5762
5762
5802
5804
5805
5808
5808
5811
5829
5838
5846
5861
5865
5871
5878
5881
5888
5896
5904
5905
5906
5916
5917
5921
5925
5933
5956
5957
5960
5989
5990
5996
5997
5999
6000
6001
6014
6015
6016
6022
6026
6033
6034
6041
6042
6044
6054
6061
6069
6083
6085
6086
6111
6119
6153
6157
6159
6168
6171
6186
6187
6189
6200
6205
6211
6212
6224
6227
6230
6233
6241
6246
6251
6254
6261
6270
6270
6274
6281
6295
6304
6322
6341
6344
6350
6352
6358
6364
6365
6372
6377
6380
6382
6397
6416
6420
6446
6449
6455
6462
6469
6473
6476
6480
6482
6490
6495
6503
6503
6521
6534
6539
6544
6544
6547
6556
6557
6558
6561
6562
6565
6574
6584
6586
6589
6595
6598
6601
6603
6605
6612
6615
6622
6637
6637
6645
6647
6652
6659
6661
6661
6664
6668
6676
6681
6683
6684
6684
6693
6697
6713
6719
6728
6729
6731
6732
6734
6735
6754
6758
6765
6766
6782
6789
6790
6792
6815
6827
6833
6838
6846
6862
6877
6877
6891
6898
6933
6934
6947
6953
6966
6966
6966
6967
6967
6967
6978
6980
6999
7000
7006
7032
7035
7037
7042
7058
7062
7070
7073
7073
7080
7080
7101
7101
7123
7126
7133
7138
7139
7140
7157
7164
7166
7168
7168
7169
7173
7174
7187
7188
7189
7198
7214
7227
7231
7237
7254
7261
7270
7275
7286
7290
7312
7313
7324
7327
7327
7336
7341
7344
7353
7357
7361
7363
7388
7388
7398
7401
7402
7403
7403
7405
7407
7407
7412
7419
7441
7448
7452
7462
7471
7484
7505
7509
7515
7516
7526
7536
7536
7538
7544
7552
7559
7578
7599
7611
7616
7621
7627
7644
7661
7662
7669
7670
7681
7690
7693
7701
7713
7730
7741
7750
7755
7757
7768
7770
7772
7773
7774
7777
7778
7789
7793
7803
7827
7827
7827
7838
7844
7849
7857
7858
7859
7862
7881
7900
7903
7903
7908
7916
7926
7927
7939
7940
7940
7941
7949
7951
7960
7962
7972
7980
7986
7999
7999
8006
8006
8007
8012
8021
8022
8024
8026
8030
8032
8038
8052
8056
8072
8073
8097
8106
8115
8117
8138
8150
8155
8159
8163
8169
8169
8191
8193
8213
8216
8222
8241
8250
8254
8259
8265
8265
8277
8297
8301
8313
8320
8329
8336
8350
8356
8358
8375
8377
8385
8387
8413
8428
8440
8450
8453
8468
8470
8503
8508
8514
8526
8531
8535
8541
8544
8550
8566
8571
8573
8576
8583
8607
8615
8621
8623
8625
8626
8643
8645
8645
8646
8660
8664
8667
8672
8677
8681
8681
8685
8694
8697
8699
8716
8717
8724
8733
8739
8746
8748
8766
8768
8772
8774
8788
8788
8788
8800
8817
8821
8823
8835
8854
8857
8857
8868
8880
8882
8888
8895
8896
8923
8942
8948
8949
8950
8953
8958
8969
8980
9006
9013
9013
9026
9028
9030
9046
9048
9052
9053
9066
9084
9086
9102
9104
9110
9123
9129
9129
9140
9149
9158
9160
9165
9171
9187
9189
9191
9200
9206
9217
9253
9255
9261
9267
9270
9273
9285
9286
9297
9310
9313
9313
9314
9318
9332
9344
9347
9349
9353
9353
9356
9357
9363
9368
9374
9379
9381
9393
9430
9443
9447
9452
9454
9455
9457
9467
9468
9474
9482
9490
9492
9495
9495
9512
9520
9526
9528
9535
9540
9542
9544
9548
9568
9574
9575
9579
9592
9594
9595
9598
9603
9611
9614
9619
9627
9633
9635
9638
9642
9647
9647
9650
9653
9653
9653
9654
9664
9674
9683
9690
9703
9707
9716
9720
9722
9724
9724
9737
9743
9760
9760
9765
9766
9769
9779
9782
9791
9810
9814
9822
9827
9829
9833
9835
9836
9848
9849
9857
9867
9874
9896
9897
9898
9899
9907
9917
9924
9951
9954
9958
9966
9977
9979
9986
9989
9992
10007
10009
10024
10028
10028
10039
10041
10043
10045
10045
10046
10053
10060
10070
10092
10103
10104
10108
10113
10115
10118
10121
10128
10142
10145
10147
10149
10149
10171
10178
10179
10191
10193
10195
10200
10212
10231
10234
10235
10250
10252
10254
10264
10266
10273
10284
10286
10292
10294
10295
10300
10301
10303
10309
10311
10312
10316
10326
10350
10354
10370
10372
10377
10380
10389
10392
10399
10402
10402
10410
10428
10444
10450
10457
10475
10497
10498
10499
10504
10515
10519
10547
10553
10565
10566
10580
10591
10595
10605
10612
10618
10619
10619
10624
10630
10631
10636
10637
10640
10646
10648
10664
10669
10673
10673
10675
10678
10683
10686
10687
10700
10701
10709
10720
10743
10752
10753
10777
10787
10789
10802
10808
10811
10816
10816
10826
10838
10847
10847
10852
10857
10860
10865
10868
10874
10875
10879
10880
10883
10901
10901
10909
10915
10928
10937
10941
10943
10955
10961
10990
10996
11011
11011
11014
11018
11024
11027
11033
11043
11061
11063
11064
11089
11101
11115
11123
11127
11129
11133
11148
11154
11174
11188
11190
11200
11205
11212
11221
11233
11250
11252
11253
11255
11255
11265
11268
11268
11276
11283
11291
11300
11308
11308
11316
11321
11326
11327
11328
11334
11337
11344
11352
11353
11357
11360
11366
11367
11376
11377
11377
11377
11378
11382
11386
11392
11414
11431
11434
11453
11483
11499
11502
11510
11510
11511
11517
11528
11529
11531
11539
11543
11543
11552
11565
11590
11590
11596
11612
11621
11632
11634
11638
11645
11647
11653
11657
11661
11662
11662
11664
11673
11676
11677
11681
11688
11697
11697
11699
11706
11706
11716
11719
11722
11723
11725
11727
11735
11736
11736
11737
11738
11740
11744
11744
11750
11754
11755
11785
11802
11805
11811
11816
11837
11838
11854
11863
11879
11879
11884
11885
11895
11898
11901
11907
11909
11922
11924
11936
11941
11950
11954
11959
11961
11970
11980
11993
12003
12011
12016
12018
12021
12028
12028
12038
12050
12054
12060
12061
12069
12077
12091
12091
12101
12107
12120
12130
12130
12147
12152
12190
12194
12206
12230
12244
12248
12277
12281
12286
12292
12295
12299
12299
12313
12317
12326
12334
12339
12341
12354
12354
12369
12371
12379
12388
12388
12389
12390
12390
12398
12403
12410
12421
12421
12421
12423
12429
12430
12431
12436
12443
12444
12448
12457
12459
12465
12467
12467
12475
12481
12490
12502
12502
12510
12511
12513
12516
12526
12528
12533
12541
12552
12557
12559
12582
12588
12590
12593
12603
12632
12633
12636
12636
12653
12654
12664
12664
12683
12694
12711
12717
12723
12728
12729
12732
12745
12748
12750
12750
12754
12759
12763
12767
12788
12792
12796
12811
12812
12815
12817
12818
12822
12829
12830
12838
12843
12846
12848
12856
12861
12864
12875
12879
12885
12894
12897
12901
12908
12914
12922
12923
12926
12930
12944
12956
12956
12970
12971
12976
12984
12999
13009
13014
13017
13035
13040
13041
13044
13047
13049
13057
13061
13068
13073
13076
13078
13080
13084
13090
13094
13097
13101
13101
13106
13107
13109
13110
13125
13126
13127
13133
13134
13139
13145
13158
13174
13192
13193
13213
13213
13216
13230
13234
13255
13259
13260
13260
13261
13265
13270
13271
13273
13275
13277
13279
13282
13285
13293
13306
13309
13310
13326
13334
13335
13351
13355
13359
13365
13368
13377
13384
13393
13395
13398
13400
13403
13403
13421
13424
13435
13444
13445
13452
13455
13458
13483
13484
13489
13492
13503
13520
13522
13546
13560
13571
13579
13589
13593
13596
13612
13616
13621
13626
13628
13631
13638
13651
13657
13665
13668
13674
13679
13683
13686
13686
13689
13691
13708
13708
13711
13738
13740
13764
13764
13770
13771
13783
13796
13805
13806
13810
13831
13838
13845
13852
13861
13865
13865
13869
13870
13880
13893
13897
13898
13899
13919
13926
13934
13952
13963
13969
13978
13984
13988
13990
13992
14000
14004
14013
14015
14022
14022
14023
14037
14038
14049
14058
14064
14080
14083
14089
14103
14110
14120
14125
14139
14154
14157
14157
14159
14162
14175
14183
14201
14203
14205
14208
14214
14214
14220
14246
14256
14256
14266
14266
14272
14283
14288
14288
14289
14305
14306
14307
14312
14324
14333
14337
14338
14339
14366
14380
14383
14387
14389
14394
14398
14400
14404
14409
14426
14429
14429
14429
14433
14434
14446
14448
14457
14459
14468
14474
14479
14482
14499
14528
14542
14544
14546
14548
14548
14548
14553
14554
14564
14566
14573
14581
14587
14592
14593
14594
14607
14607
14611
14619
14636
14639
14647
14667
14669
14670
14689
14704
14706
14710
14711
14728
14733
14741
14759
14766
14767
14779
14785
14791
14797
14803
14804
14814
14824
14849
14864
14870
14871
14875
14885
14885
14885
14889
14890
14905
14909
14913
14917
14920
14927
14968
14971
14973
14989
14989
14993
14996
14997
15000
15002
15004
15007
15049
15051
15055
15057
15082
15082
15088
15090
15091
15098
15109
15109
15112
15121
15125
15160
15161
15178
15188
15202
15206
15212
15223
15225
15227
15233
15236
15238
15239
15241
15241
15245
15251
15254
15259
15269
15273
15277
15304
15304
15314
15322
15324
15335
15339
15344
15344
15345
15347
15364
15367
15371
15373
15377
15378
15385
15385
15393
15400
15416
15432
15439
15440
15444
15449
15463
15466
15468
15469
15478
15481
15499
15522
15523
15533
15536
15541
15542
15542
15543
15560
15568
15571
15585
15585
15587
15588
15598
15599
15600
15610
15619
15629
15634
15634
15639
15642
15644
15649
15655
15655
15656
15657
15657
15658
15674
15690
15691
15693
15694
15704
15706
15708
15723
15725
15725
15755
15765
15775
15791
15802
15813
15815
15816
15820
15827
15829
15832
15853
15856
15858
15861
15870
15872
15892
15895
15899
15925
15930
15948
15968
15984
15988
15988
16013
16017
16020
16023
16059
16071
16076
16084
16087
16092
16112
16114
16125
16130
16148
16149
16169
16172
16173
16194
16196
16199
16202
16208
16212
16214
16216
16217
16221
16230
16247
16248
16252
16264
16264
16268
16270
16273
16276
16298
16316
16319
16324
16325
16331
16334
16343
16359
16369
16375
16377
16387
16394
16402
16417
16428
16429
16444
16453
16455
16456
16473
16474
16476
16485
16490
16494
16498
16504
16505
16515
16515
16521
16523
16529
16539
16542
16544
16544
16545
16546
16549
16553
16555
16556
16557
16568
16582
16591
16596
16602
16607
16622
16624
16636
16638
16640
16641
16642
16660
16667
16683
16685
16690
16696
16697
16702
16706
16738
16740
16755
16760
16765
16765
16766
16770
16777
16779
16788
16802
16807
16810
16838
16846
16846
16849
16874
16881
16888
16896
16907
16922
16926
16929
16938
16939
16941
16941
16944
16946
16949
16954
16959
16970
16975
16984
17002
17004
17012
17012
17024
17028
17031
17035
17037
17040
17040
17043
17046
17051
17058
17061
17068
17075
17097
17104
17111
17115
17116
17124
17128
17134
17148
17151
17155
17169
17175
17192
17192
17200
17204
17210
17213
17215
17221
17222
17223
17237
17251
17255
17265
17285
17292
17300
17301
17302
17318
17323
17327
17337
17346
17370
17382
17389
17394
17401
17412
17419
17430
17439
17460
17477
17478
17488
17497
17501
17513
17515
17515
17517
17518
17527
17532
17543
17544
17550
17558
17561
17567
17568
17568
17571
17574
17599
17604
17620
17621
17622
17626
17627
17628
17659
17662
17665
17676
17683
17691
17705
17706
17713
17717
17735
17737
17746
17748
17762
17781
17798
17805
17823
17828
17833
17834
17836
17845
17852
17856
17866
17873
17876
17881
17882
17887
17887
17891
17891
17892
17910
17911
17915
17940
17942
17956
17957
17961
17984
17986
17990
17994
17996
17996
18001
18003
18003
18007
18010
18015
18020
18026
18027
18040
18046
18049
18055
18057
18062
18063
18065
18075
18080
18084
18092
18093
18111
18112
18122
18122
18126
18129
18135
18144
18148
18150
18166
18171
18176
18176
18176
18182
18189
18206
18225
18229
18234
18240
18242
18247
18247
18262
18263
18267
18277
18279
18281
18283
18286
18288
18290
18297
18306
18320
18328
18338
18339
18351
18363
18372
18382
18431
18433
18439
18443
18451
18461
18467
18473
18474
18476
18485
18492
18492
18509
18511
18519
18526
18526
18528
18531
18536
18558
18571
18576
18581
18585
18588
18599
18604
18609
18610
18613
18627
18630
18633
18638
18640
18656
18656
18667
18667
18670
18677
18693
18696
18699
18709
18713
18714
18717
18718
18720
18730
18730
18734
18737
18746
18751
18752
18753
18767
18792
18799
18813
18831
18832
18846
18849
18872
18874
18877
18894
18895
18895
18900
18902
18913
18921
18923
18926
18932
18934
18941
18944
18945
18949
18950
18952
18958
18966
18967
18973
18976
18978
19004
19013
19025
19027
19045
19047
19052
19052
19062
19064
19065
19067
19074
19084
19087
19088
19105
19106
19120
19127
19131
19132
19143
19152
19155
19164
19164
19171
19195
19204
19213
19225
19229
19234
19236
19238
19244
19246
19256
19256
19260
19265
19266
19267
19271
19278
19284
19293
19306
19318
19319
19324
19327
19330
19338
19358
19365
19370
19378
19382
19411
19412
19417
19424
19426
19439
19445
19465
19471
19484
19486
19489
19489
19490
19501
19503
19509
19521
19533
19533
19539
19540
19548
19551
19561
19567
19571
19579
19581
19603
19610
19618
19620
19628
19628
19628
19640
19641
19646
19649
19650
19659
19660
19666
19668
19670
19674
19675
19682
19694
19695
19697
19707
19709
19720
19736
19739
19766
19786
19797
19799
19809
19817
19825
19827
19827
19829
19840
19840
19846
19878
19882
19883
19892
19894
19894
19895
19899
19922
19923
19927
19931
19941
19948
19952
19958
19959
19964
19966
19975
19999
19999
20000
20018
20029
20033
20037
20038
20042
20053
20057
20067
20068
20068
20077
20087
20090
20090
20093
20098
20120
20124
20129
20133
20138
20139
20148
20153
20159
20161
20161
20195
20197
20223
20241
20251
20253
20257
20300
20301
20312
20322
20323
20332
20336
20338
20342
20345
20345
20347
20356
20361
20364
20365
20378
20382
20382
20386
20400
20406
20410
20412
20429
20430
20434
20435
20435
20438
20438
20444
20449
20451
20464
20465
20469
20488
20495
20509
20517
20520
20524
20531
20541
20542
20551
20553
20554
20555
20560
20562
20575
20579
20580
20599
20600
20600
20611
20625
20626
20630
20640
20645
20658
20658
20666
20670
20675
20676
20677
20688
20693
20697
20699
20701
20703
20720
20726
20747
20753
20760
20761
20774
20781
20794
20801
20805
20806
20830
20833
20836
20844
20848
20849
20853
20856
20858
20862
20869
20873
20875
20889
20889
20898
20901
20902
20907
20909
20911
20925
20934
20948
20948
20954
20954
20961
20975
20987
20987
20997
21012
21013
21027
21027
21039
21042
21049
21054
21060
21087
21089
21095
21098
21101
21106
21108
21118
21118
21122
21123
21126
21132
21133
21139
21149
21150
21154
21181
21183
21187
21187
21191
21205
21210
21217
21218
21238
21245
21253
21271
21285
21292
21293
21296
21307
21325
21331
21332
21336
21344
21352
21359
21360
21367
21370
21372
21381
21382
21391
21399
21411
21411
21416
21426
21428
21450
21452
21458
21461
21462
21464
21466
21467
21471
21472
21481
21493
21495
21497
21512
21524
21527
21529
21542
21551
21551
21574
21575
21577
21578
21586
21587
21593
21604
21617
21617
21618
21623
21631
21639
21653
21656
21666
21671
21674
21675
21684
21685
21689
21710
21710
21711
21735
21738
21739
21741
21744
21751
21758
21758
21760
21785
21798
21807
21809
21810
21811
21814
21822
21824
21825
21825
21837
21840
21841
21862
21867
21885
21896
21899
21911
21913
21913
21926
21946
21976
21976
21981
21984
21985
21987
21994
22011
22021
22024
22032
22042
22045
22047
22048
22060
22067
22068
22077
22084
22084
22085
22086
22088
22102
22104
22109
22111
22113
22115
22117
22123
22125
22129
22137
22138
22143
22160
22165
22167
22181
22184
22209
22212
22212
22229
22246
22251
22252
22275
22281
22285
22288
22296
22297
22302
22338
22347
22353
22359
22373
22378
22384
22384
22407
22413
22418
22419
22421
22427
22430
22431
22434
22434
22440
22460
22475
22476
22480
22494
22494
22500
22505
22510
22516
22518
22532
22539
22540
22541
22544
22554
22571
22574
22596
22599
22605
22626
22634
22635
22642
22648
22655
22660
22673
22674
22679
22680
22684
22690
22697
22704
22704
22724
22726
22736
22739
22748
22749
22756
22759
22763
22768
22782
22792
22797
22805
22812
22820
22825
22826
22827
22833
22845
22848
22851
22853
22864
22881
22891
22899
22910
22932
22934
22937
22938
22944
22963
22970
22972
22988
23010
23011
23012
23019
23033
23034
23039
23039
23050
23055
23056
23058
23058
23079
23085
23085
23087
23092
23095
23096
23099
23100
23103
23106
23116
23125
23126
23134
23178
23189
23191
23192
23202
23202
23205
23214
23220
23226
23228
23236
23236
23247
23252
23256
23259
23271
23274
23282
23282
23283
23283
23286
23289
23291
23297
23303
23310
23310
23317
23318
23325
23326
23330
23336
23348
23360
23363
23363
23363
23369
23373
23379
23390
23391
23399
23402
23405
23408
23410
23420
23429
23438
23442
23448
23457
23465
23468
23474
23486
23491
23491
23495
23512
23512
23515
23526
23547
23548
23549
23549
23556
23559
23565
23571
23572
23574
23579
23587
23591
23602
23608
23608
23623
23624
23646
23649
23650
23655
23662
23668
23677
23680
23711
23721
23726
23739
23740
23752
23762
23766
23772
23782
23784
23789
23790
23798
23803
23803
23804
23806
23808
23822
23829
23830
23832
23851
23855
23866
23871
23898
23902
23915
23921
23929
23931
23933
23935
23940
23942
23953
23956
23964
23970
23975
23989
24001
24005
24015
24036
24039
24057
24064
24068
24075
24077
24081
24082
24089
24091
24112
24125
24127
24132
24139
24145
24155
24162
24165
24172
24176
24186
24190
24190
24197
24201
24202
24223
24230
24233
24240
24245
24247
24253
24256
24263
24275
24286
24287
24288
24297
24311
24313
24313
24321
24337
24356
24357
24359
24359
24367
24373
24385
24390
24392
24408
24411
24417
24420
24431
24437
24437
24443
24447
24449
24456
24457
24469
24469
24508
24510
24520
24521
24526
24527
24541
24549
24557
24558
24581
24582
24587
24587
24591
24591
24597
24598
24600
24606
24607
24626
24628
24642
24670
24681
24682
24685
24693
24695
24703
24731
24737
24748
24754
24755
24762
24766
24768
24771
24786
24796
24798
24798
24802
24803
24807
24807
24808
24809
24824
24824
24826
24827
24831
24833
24834
24838
24842
24847
24847
24849
24851
24856
24857
24859
24863
24865
24871
24881
24891
24901
24903
24909
24911
24922
24923
24943
24946
24947
24960
24964
24968
24977
24979
24999
25003
25005
25012
25015
25021
25030
25032
25043
25046
25048
25058
25066
25071
25071
25089
25103
25114
25120
25137
25138
25140
25141
25142
25146
25149
25155
25159
25173
25173
25175
25204
25209
25222
25224
25235
25250
25264
25282
25288
25289
25309
25311
25317
25319
25328
25343
25343
25344
25346
25356
25356
25357
25357
25365
25366
25366
25369
25369
25377
25383
25395
25399
25419
25420
25436
25456
25462
25463
25465
25467
25471
25471
25482
25484
25490
25494
25511
25514
25522
25533
25534
25543
25543
25552
25554
25562
25566
25574
25577
25578
25582
25582
25594
25601
25603
25613
25618
25642
25653
25660
25664
25680
25683
25688
25690
25699
25713
25716
25726
25727
25729
25736
25745
25753
25755
25757
25765
25770
25778
25783
25783
25784
25789
25799
25801
25806
25812
25825
25827
25829
25836
25837
25840
25843
25851
25853
25857
25859
25881
25882
25885
25889
25891
25893
25893
25907
25925
25943
25945
25948
25949
25973
25974
25984
25985
25989
25990
25991
25997
25997
26044
26044
26047
26050
26066
26076
26097
26100
26103
26108
26110
26116
26131
26145
26145
26148
26161
26167
26168
26183
26186
26187
26195
26196
26199
26204
26206
26208
26215
26225
26227
26228
26228
26230
26233
26235
26236
26236
26243
26246
26249
26249
26255
26258
26270
26271
26271
26278
26278
26281
26282
26287
26297
26302
26306
26313
26316
26318
26332
26339
26349
26357
26359
26380
26384
26393
26394
26395
26398
26400
26439
26439
26441
26453
26458
26460
26463
26474
26484
26504
26521
26523
26523
26538
26551
26556
26560
26570
26570
26575
26582
26589
26606
26614
26618
26619
26621
26626
26642
26650
26650
26656
26660
26661
26663
26673
26677
26678
26680
26683
26690
26692
26698
26702
26703
26720
26722
26733
26743
26744
26756
26760
26771
26776
26811
26817
26821
26835
26839
26847
26853
26867
26870
26871
26875
26876
26879
26886
26889
26892
26908
26918
26926
26946
26947
26948
26956
26959
26960
26964
26966
26968
26977
26978
26979
26982
26983
26995
26997
27017
27019
27022
27025
27030
27030
27030
27035
27057
27062
27067
27082
27088
27088
27096
27125
27134
27141
27149
27150
27157
27165
27167
27200
27215
27219
27239
27240
27248
27251
27252
27255
27256
27263
27272
27276
27289
27289
27290
27291
27322
27323
27323
27325
27329
27333
27334
27348
27360
27363
27364
27369
27377
27391
27396
27409
27412
27421
27430
27436
27445
27448
27462
27462
27463
27468
27471
27475
27477
27478
27480
27485
27486
27487
27492
27492
27499
27499
27500
27504
27505
27505
27517
27519
27520
27532
27534
27534
27534
27535
27543
27545
27547
27550
27554
27571
27574
27575
27584
27589
27597
27603
27607
27608
27609
27613
27618
27618
27637
27640
27640
27643
27644
27655
27655
27665
27666
27668
27685
27687
27689
27690
27691
27703
27736
27738
27743
27744
27746
27763
27769
27777
27797
27804
27806
27809
27822
27826
27828
27832
27841
27844
27844
27856
27866
27866
27868
27870
27877
27879
27882
27895
27919
27935
27940
27943
27958
27959
27986
27987
27988
28014
28018
28030
28030
28031
28033
28035
28043
28079
28081
28085
28090
28095
28115
28118
28121
28151
28162
28165
28166
28175
28175
28200
28210
28211
28211
28218
28221
28230
28231
28243
28244
28248
28249
28264
28276
28276
28277
28292
28299
28312
28314
28314
28317
28344
28364
28371
28376
28383
28390
28393
28394
28416
28428
28434
28435
28467
28469
28475
28479
28479
28479
28482
28482
28485
28494
28500
28505
28517
28518
28518
28521
28523
28528
28529
28534
28536
28539
28541
28549
28561
28561
28563
28572
28577
28578
28592
28606
28607
28609
28615
28626
28633
28635
28637
28642
28643
28645
28650
28651
28658
28660
28665
28673
28676
28683
28685
28690
28693
28693
28699
28703
28708
28709
28710
28727
28751
28759
28760
28773
28781
28789
28792
28796
28814
28826
28826
28826
28833
28834
28837
28845
28861
28862
28863
28866
28871
28874
28885
28892
28895
28896
28918
28929
28929
28932
28935
28938
28947
28947
28963
28973
28990
28994
29005
29009
29010
29030
29034
29038
29045
29047
29058
29069
29071
29072
29074
29075
29075
29076
29078
29083
29084
29085
29088
29090
29110
29113
29137
29138
29140
29142
29143
29154
29163
29167
29185
29206
29210
29212
29220
29227
29228
29234
29239
29253
29285
29294
29295
29305
29306
29315
29318
29320
29323
29332
29337
29343
29344
29358
29380
29381
29390
29392
29393
29396
29408
29409
29417
29423
29441
29447
29450
29451
29452
29471
29493
29511
29523
29537
29558
29589
29607
29608
29614
29615
29623
29633
29644
29658
29663
29664
29668
29698
29700
29707
29717
29723
29732
29746
29752
29754
29761
29762
29773
29773
29777
29779
29779
29783
29804
29812
29820
29834
29838
29843
29866
29868
29880
29891
29900
29905
29910
29918
29928
29933
29937
29938
29943
29953
29963
29965
29965
29970
29983
29989
29997
29999
29999
30006
30018
30021
30031
30041
30042
30044
30050
30054
30061
30083
30086
30091
30095
30095
30099
30106
30109
30112
30120
30121
30134
30139
30147
30154
30154
30161
30162
30162
30169
30174
30179
30181
30185
30190
30193
30220
30228
30238
30245
30246
30261
30270
30272
30276
30279
30285
30291
30294
30294
30303
30316
30321
30323
30326
30347
30355
30366
30377
30379
30379
30388
30405
30407
30420
30423
30424
30426
30430
30445
30454
30462
30462
30464
30465
30470
30500
30513
30521
30524
30524
30537
30554
30555
30559
30563
30567
30580
30591
30602
30604
30607
30610
30613
30616
30617
30623
30625
30633
30633
30635
30635
30652
30656
30662
30665
30666
30668
30677
30680
30689
30691
30694
30700
30707
30713
30713
30713
30729
30743
30755
30755
30759
30760
30760
30763
30778
30781
30790
30795
30813
30817
30818
30824
30844
30845
30865
30879
30885
30890
30891
30902
30908
30909
30920
30923
30929
30932
30934
30935
30937
30937
30965
30968
30985
30989
30999
31007
31008
31015
31024
31032
31033
31034
31047
31050
31051
31062
31070
31075
31076
31087
31113
31139
31157
31176
31197
31204
31205
31208
31225
31235
31235
31243
31244
31246
31247
31247
31264
31264
31267
31271
31271
31271
31271
31283
31283
31286
31291
31299
31306
31313
31314
31327
31327
31347
31352
31352
31353
31355
31357
31357
31364
31365
31368
31370
31385
31392
31401
31406
31408
31410
31413
31414
31418
31424
31425
31440
31445
31454
31461
31482
31484
31489
31510
31525
31525
31529
31534
31539
31549
31585
31591
31591
31592
31594
31599
31605
31605
31606
31609
31618
31632
31653
31659
31661
31663
31668
31669
31683
31684
31685
31693
31693
31695
31712
31715
31717
31729
31755
31763
31766
31783
31795
31799
31802
31803
31807
31810
31815
31825
31829
31833
31833
31841
31847
31850
31856
31865
31874
31882
31883
31883
31884
31886
31906
31909
31919
31951
31957
31957
31958
31976
31984
31986
31998
32002
32006
32017
32029
32036
32039
32041
32044
32045
32047
32047
32048
32048
32049
32049
32052
32053
32054
32074
32075
32085
32100
32118
32119
32121
32125
32130
32141
32149
32150
32150
32169
32169
32174
32186
32194
32202
32203
32213
32222
32224
32225
32231
32232
32236
32238
32248
32278
32290
32300
32301
32310
32317
32324
32325
32343
32348
32354
32365
32367
32380
32381
32389
32392
32399
32404
32420
32427
32428
32434
32439
32443
32461
32468
32470
32485
32487
32489
32489
32491
32520
32525
32537
32539
32549
32552
32563
32569
32579
32584
32590
32591
32603
32614
32626
32631
32632
32633
32639
32642
32652
32661
32678
32687
32687
32690
32691
32697
32702
32706
32716
32724
32731
32738
32744
32745
32759
32763
32766
32766
